[1.    1.    0.123 1.75  1.5   0.151 2.5   2.    0.131 2.4   0.45  0.184]
[1.   0.7  0.18 1.5  1.7  0.15 2.5  0.75 0.12 2.5  1.75 0.2 ]
[1.5   0.6   0.138 2.1   1.13  0.11  1.1   1.45  0.15  1.9   2.05  0.19 ]
[1.5   0.6   0.138 2.1   1.13  0.11  1.1   1.45  0.15  1.9   2.05  0.19 ]
[1.    1.    0.123 1.75  1.5   0.151 2.5   2.    0.131 2.4   0.45  0.184]
[0.8  0.5  0.17 1.3  1.7  0.2  2.   1.05 0.14 2.6  2.05 0.13]
[0.8  0.5  0.17 1.3  1.7  0.2  2.   1.05 0.14 2.6  2.05 0.13]
[0.8  0.5  0.17 1.3  1.7  0.2  2.   1.05 0.14 2.6  2.05 0.13]
[1.   0.7  0.18 1.5  1.7  0.15 2.5  0.75 0.12 2.5  1.75 0.2 ]
[1.   0.7  0.18 1.5  1.7  0.15 2.5  0.75 0.12 2.5  1.75 0.2 ]
[0.8  0.5  0.17 1.3  1.7  0.2  2.   1.05 0.14 2.6  2.05 0.13]
[1.5   0.6   0.138 2.1   1.13  0.11  1.1   1.45  0.15  1.9   2.05  0.19 ]
[1.5   0.6   0.138 2.1   1.13  0.11  1.1   1.45  0.15  1.9   2.05  0.19 ]
[1.5   0.6   0.138 2.1   1.13  0.11  1.1   1.45  0.15  1.9   2.05  0.19 ]
[0.8  0.5  0.17 1.3  1.7  0.2  2.   1.05 0.14 2.6  2.05 0.13]
[1.   0.7  0.18 1.5  1.7  0.15 2.5  0.75 0.12 2.5  1.75 0.2 ]
[1.    1.    0.123 1.75  1.5   0.151 2.5   2.    0.131 2.4   0.45  0.184]
[1.   0.7  0.18 1.5  1.7  0.15 2.5  0.75 0.12 2.5  1.75 0.2 ]
[1.    1.    0.123 1.75  1.5   0.151 2.5   2.    0.131 2.4   0.45  0.184]
[1.    1.    0.123 1.75  1.5   0.151 2.5   2.    0.131 2.4   0.45  0.184]
[1.   0.7  0.18 1.5  1.7  0.15 2.5  0.75 0.12 2.5  1.75 0.2 ]
[0.8  0.5  0.17 1.3  1.7  0.2  2.   1.05 0.14 2.6  2.05 0.13]
[1.    1.    0.123 1.75  1.5   0.151 2.5   2.    0.131 2.4   0.45  0.184]
[0.8  0.5  0.17 1.3  1.7  0.2  2.   1.05 0.14 2.6  2.05 0.13]
[1.5   0.6   0.138 2.1   1.13  0.11  1.1   1.45  0.15  1.9   2.05  0.19 ]
[1.   0.7  0.18 1.5  1.7  0.15 2.5  0.75 0.12 2.5  1.75 0.2 ]
[0.8  0.5  0.17 1.3  1.7  0.2  2.   1.05 0.14 2.6  2.05 0.13]
[1.   0.7  0.18 1.5  1.7  0.15 2.5  0.75 0.12 2.5  1.75 0.2 ]
[1.5   0.6   0.138 2.1   1.13  0.11  1.1   1.45  0.15  1.9   2.05  0.19 ]
[1.    1.    0.123 1.75  1.5   0.151 2.5   2.    0.131 2.4   0.45  0.184]
[1.    1.    0.123 1.75  1.5   0.151 2.5   2.    0.131 2.4   0.45  0.184]
[0.8  0.5  0.17 1.3  1.7  0.2  2.   1.05 0.14 2.6  2.05 0.13]
[0.8  0.5  0.17 1.3  1.7  0.2  2.   1.05 0.14 2.6  2.05 0.13]
[1.5   0.6   0.138 2.1   1.13  0.11  1.1   1.45  0.15  1.9   2.05  0.19 ]
[1.5   0.6   0.138 2.1   1.13  0.11  1.1   1.45  0.15  1.9   2.05  0.19 ]
[1.5   0.6   0.138 2.1   1.13  0.11  1.1   1.45  0.15  1.9   2.05  0.19 ]
[1.   0.7  0.18 1.5  1.7  0.15 2.5  0.75 0.12 2.5  1.75 0.2 ]
[1.5   0.6   0.138 2.1   1.13  0.11  1.1   1.45  0.15  1.9   2.05  0.19 ]
[1.    1.    0.123 1.75  1.5   0.151 2.5   2.    0.131 2.4   0.45  0.184]
[1.5   0.6   0.138 2.1   1.13  0.11  1.1   1.45  0.15  1.9   2.05  0.19 ]
[1.5   0.6   0.138 2.1   1.13  0.11  1.1   1.45  0.15  1.9   2.05  0.19 ]
[1.5   0.6   0.138 2.1   1.13  0.11  1.1   1.45  0.15  1.9   2.05  0.19 ]
[1.   0.7  0.18 1.5  1.7  0.15 2.5  0.75 0.12 2.5  1.75 0.2 ]
[1.   0.7  0.18 1.5  1.7  0.15 2.5  0.75 0.12 2.5  1.75 0.2 ]
[0.8  0.5  0.17 1.3  1.7  0.2  2.   1.05 0.14 2.6  2.05 0.13]
[1.5   0.6   0.138 2.1   1.13  0.11  1.1   1.45  0.15  1.9   2.05  0.19 ]
[1.    1.    0.123 1.75  1.5   0.151 2.5   2.    0.131 2.4   0.45  0.184]
[1.    1.    0.123 1.75  1.5   0.151 2.5   2.    0.131 2.4   0.45  0.184]
[1.5   0.6   0.138 2.1   1.13  0.11  1.1   1.45  0.15  1.9   2.05  0.19 ]
[1.   0.7  0.18 1.5  1.7  0.15 2.5  0.75 0.12 2.5  1.75 0.2 ]
[1.5   0.6   0.138 2.1   1.13  0.11  1.1   1.45  0.15  1.9   2.05  0.19 ]
[1.   0.7  0.18 1.5  1.7  0.15 2.5  0.75 0.12 2.5  1.75 0.2 ]
[0.8  0.5  0.17 1.3  1.7  0.2  2.   1.05 0.14 2.6  2.05 0.13]
[1.   0.7  0.18 1.5  1.7  0.15 2.5  0.75 0.12 2.5  1.75 0.2 ]
[0.8  0.5  0.17 1.3  1.7  0.2  2.   1.05 0.14 2.6  2.05 0.13]
[1.    1.    0.123 1.75  1.5   0.151 2.5   2.    0.131 2.4   0.45  0.184]
[0.8  0.5  0.17 1.3  1.7  0.2  2.   1.05 0.14 2.6  2.05 0.13]
[1.    1.    0.123 1.75  1.5   0.151 2.5   2.    0.131 2.4   0.45  0.184]
[1.    1.    0.123 1.75  1.5   0.151 2.5   2.    0.131 2.4   0.45  0.184]
[1.   0.7  0.18 1.5  1.7  0.15 2.5  0.75 0.12 2.5  1.75 0.2 ]
[1.5   0.6   0.138 2.1   1.13  0.11  1.1   1.45  0.15  1.9   2.05  0.19 ]
[0.8  0.5  0.17 1.3  1.7  0.2  2.   1.05 0.14 2.6  2.05 0.13]
[1.    1.    0.123 1.75  1.5   0.151 2.5   2.    0.131 2.4   0.45  0.184]
[0.8  0.5  0.17 1.3  1.7  0.2  2.   1.05 0.14 2.6  2.05 0.13]
[1.    1.    0.123 1.75  1.5   0.151 2.5   2.    0.131 2.4   0.45  0.184]
[1.   0.7  0.18 1.5  1.7  0.15 2.5  0.75 0.12 2.5  1.75 0.2 ]
[1.   0.7  0.18 1.5  1.7  0.15 2.5  0.75 0.12 2.5  1.75 0.2 ]
[1.5   0.6   0.138 2.1   1.13  0.11  1.1   1.45  0.15  1.9   2.05  0.19 ]
[1.    1.    0.123 1.75  1.5   0.151 2.5   2.    0.131 2.4   0.45  0.184]
[1.    1.    0.123 1.75  1.5   0.151 2.5   2.    0.131 2.4   0.45  0.184]
[1.   0.7  0.18 1.5  1.7  0.15 2.5  0.75 0.12 2.5  1.75 0.2 ]
[0.8  0.5  0.17 1.3  1.7  0.2  2.   1.05 0.14 2.6  2.05 0.13]
[1.   0.7  0.18 1.5  1.7  0.15 2.5  0.75 0.12 2.5  1.75 0.2 ]
[1.5   0.6   0.138 2.1   1.13  0.11  1.1   1.45  0.15  1.9   2.05  0.19 ]
[1.    1.    0.123 1.75  1.5   0.151 2.5   2.    0.131 2.4   0.45  0.184]
[1.   0.7  0.18 1.5  1.7  0.15 2.5  0.75 0.12 2.5  1.75 0.2 ]
[0.8  0.5  0.17 1.3  1.7  0.2  2.   1.05 0.14 2.6  2.05 0.13]
[1.5   0.6   0.138 2.1   1.13  0.11  1.1   1.45  0.15  1.9   2.05  0.19 ]
[1.5   0.6   0.138 2.1   1.13  0.11  1.1   1.45  0.15  1.9   2.05  0.19 ]
[1.    1.    0.123 1.75  1.5   0.151 2.5   2.    0.131 2.4   0.45  0.184]
[0.8  0.5  0.17 1.3  1.7  0.2  2.   1.05 0.14 2.6  2.05 0.13]
[1.   0.7  0.18 1.5  1.7  0.15 2.5  0.75 0.12 2.5  1.75 0.2 ]
[0.8  0.5  0.17 1.3  1.7  0.2  2.   1.05 0.14 2.6  2.05 0.13]
[1.    1.    0.123 1.75  1.5   0.151 2.5   2.    0.131 2.4   0.45  0.184]
[0.8  0.5  0.17 1.3  1.7  0.2  2.   1.05 0.14 2.6  2.05 0.13]
[0.8  0.5  0.17 1.3  1.7  0.2  2.   1.05 0.14 2.6  2.05 0.13]
[1.   0.7  0.18 1.5  1.7  0.15 2.5  0.75 0.12 2.5  1.75 0.2 ]
[0.8  0.5  0.17 1.3  1.7  0.2  2.   1.05 0.14 2.6  2.05 0.13]
[1.   0.7  0.18 1.5  1.7  0.15 2.5  0.75 0.12 2.5  1.75 0.2 ]
[1.5   0.6   0.138 2.1   1.13  0.11  1.1   1.45  0.15  1.9   2.05  0.19 ]
[1.   0.7  0.18 1.5  1.7  0.15 2.5  0.75 0.12 2.5  1.75 0.2 ]
[1.   0.7  0.18 1.5  1.7  0.15 2.5  0.75 0.12 2.5  1.75 0.2 ]
[0.8  0.5  0.17 1.3  1.7  0.2  2.   1.05 0.14 2.6  2.05 0.13]
[1.5   0.6   0.138 2.1   1.13  0.11  1.1   1.45  0.15  1.9   2.05  0.19 ]
[1.    1.    0.123 1.75  1.5   0.151 2.5   2.    0.131 2.4   0.45  0.184]
[1.   0.7  0.18 1.5  1.7  0.15 2.5  0.75 0.12 2.5  1.75 0.2 ]
[0.8  0.5  0.17 1.3  1.7  0.2  2.   1.05 0.14 2.6  2.05 0.13]
[0.8  0.5  0.17 1.3  1.7  0.2  2.   1.05 0.14 2.6  2.05 0.13]
[1.    1.    0.123 1.75  1.5   0.151 2.5   2.    0.131 2.4   0.45  0.184]
[0.8  0.5  0.17 1.3  1.7  0.2  2.   1.05 0.14 2.6  2.05 0.13]
[1.   0.7  0.18 1.5  1.7  0.15 2.5  0.75 0.12 2.5  1.75 0.2 ]
[solve]: Problem infeasible. [obstacle avoidance]: True
